5212, 69
2568, 30
65783, 31
22863, 24
74068, 36
13930, 3
34023, 59
33070, 68
61394, 57
75012, 43
76230, 74
84422, 20
13785, 38
75199, 25
98316, 71
66414, 27
76092, 81
59957, 74
6863, 71
6997, 82
4568, 57
79498, 54
54587, 66
55307, 84
6220, 25
51529, 72
5733, 30
9504, 20
58271, 69
59709, 16
26341, 50
47797, 24
42619, 46
22847, 52
92922, 56
92380, 89
37765, 29
69842, 51
65194, 1
57035, 65
73623, 29
49300, 44
95747, 69
54341, 23
23312, 11
67606, 2
25662, 31
44879, 6
29321, 37
79445, 27
48523, 66
86709, 17
8283, 59
12925, 38
42063, 25
62601, 37
33453, 100
19380, 51
47469, 72
974, 32
7673, 51
47626, 86
41223, 100
6641, 43
83899, 14
52299, 91
80525, 91
88210, 82
88820, 37
37733, 56
95995, 5
60380, 70
85274, 77
68851, 56
21861, 43
75580, 85
21994, 6
67622, 68
62505, 14
1962, 55
44501, 82
17648, 39
36160, 52
22536, 35
4340, 93
2216, 28
20505, 30
60050, 65
98286, 30
95344, 36
3178, 1
85239, 72
16950, 90
95368, 89
92293, 96
40744, 45
2830, 91
61683, 41
53542, 70
53827, 33
7206, 60
35218, 19
34946, 84
36874, 59
10874, 38
4290, 84
26608, 79
72758, 15
34472, 30
91101, 60
23619, 39
58026, 89
33075, 34
18158, 82
3494, 59
50271, 100
33418, 40
75570, 64
92623, 95
13174, 48
52806, 83
44823, 83
26718, 31
93094, 75
30127, 94
81487, 54
50544, 75
27815, 14
78180, 78
74763, 76
27089, 20
35711, 33
10295, 18
347, 36
71138, 92
5154, 44
22574, 29
926, 92
6711, 19
77218, 37
75641, 79
89160, 63
79263, 84
61042, 49
41724, 25
26273, 23
54155, 36
35822, 58
9366, 48
91172, 77
60270, 19
38702, 4
14654, 34
50908, 60
56729, 7
15798, 21
47085, 9
15335, 99
10992, 77
98899, 16
39933, 83
95022, 67
13564, 61
3683, 12
77686, 87
64286, 31
35991, 84
97315, 77
54117, 21
41893, 26
95529, 40
97526, 91
51137, 61
89619, 44
70338, 29
6583, 22
4311, 56
70889, 26
26816, 71
43438, 54
78763, 73
31542, 17
61853, 51
3663, 83
50400, 18
65155, 74
99016, 7
39852, 65
24791, 64
42492, 73
70038, 38
18860, 29
60872, 81
76988, 57
46591, 42
63971, 53
87666, 12
93070, 18
7362, 84
41352, 13
22043, 25
42660, 20
56290, 45
93470, 39
41552, 77
25384, 20
63134, 44
19305, 57
65982, 76
53667, 12
88968, 13
90193, 30
80903, 69
88132, 3
83175, 8
49719, 17
1184, 78
45488, 73
34574, 58
25063, 26
7340, 65
51743, 31
12087, 16
31350, 16
50187, 82
95012, 35
74134, 88
12723, 88
6774, 44
81520, 43
95355, 45
3125, 40
16260, 64
77419, 54
81713, 70
58706, 5
42734, 100
92735, 20
74316, 36
91088, 54
64802, 77
26653, 72
5341, 26
51744, 73
13092, 90
6528, 67
98879, 13
3051, 97
62125, 34
4214, 87
78500, 71
56795, 69
65116, 42
79343, 40
82438, 64
63199, 91
69940, 3
26514, 32
65129, 58
11805, 72
82752, 31
16340, 5
53166, 87
88303, 26
61080, 92
62548, 8
68485, 32
39562, 20
21932, 54
20529, 28
15495, 20
17544, 82
41124, 69
40188, 40
24644, 39
51989, 95
51321, 81
54099, 87
93019, 53
86464, 99
96367, 16
67396, 34
44429, 77
73848, 14
85027, 1
41063, 87
60630, 64
95101, 9
83398, 17
30776, 83
14545, 41
43321, 27
6519, 66
51795, 100
87135, 47
16909, 54
33063, 4
22687, 43
48433, 35
39808, 11
------------"./proj.cpp"--------------line 8" ------------- column 2
20 
20 
20 
20 
20 
20 
20 
20 
20 
20 
20 
20 
20 
20 
20 

max times  -20
------------"./proj.cpp"--------------line 8" ------------- column 2


------------"./proj.h"--------------line 7" ------------- column 2
20 50  -max 50 -times 2- avarage 35
20 50  -max 50 -times 2- avarage 35
20 50  -max 50 -times 2- avarage 35
20 50  -max 50 -times 2- avarage 35
20 50  -max 50 -times 2- avarage 35
20 50  -max 50 -times 2- avarage 35
20 50  -max 50 -times 2- avarage 35
20 50  -max 50 -times 2- avarage 35
20 50  -max 50 -times 2- avarage 35
20 50  -max 50 -times 2- avarage 35
20 50  -max 50 -times 2- avarage 35
20 50  -max 50 -times 2- avarage 35
20 50  -max 50 -times 2- avarage 35
20 50  -max 50 -times 2- avarage 35
20 50  -max 50 -times 2- avarage 35

max times  -50
------------"./proj.h"--------------line 7" ------------- column 2


------------"./proj.h"--------------line 15" ------------- column 2
14 
14 
14 
14 
14 
14 
14 
14 
14 
14 
14 
14 
14 
14 
14 

max times  -14
------------"./proj.h"--------------line 15" ------------- column 2


------------"./proj.h"--------------line 26" ------------- column 2
76 86 2123 953 2058 4644 577 487 1078 1745 1031 4222 363 3008 1385 2460 940 811 97 86  -max 4644 -times 20- avarage 1411
81 1473 828 659 249 716 192 476 845 3732 527 1992 927 440 1660 1038 1303 1370 65194 878  -max 65194 -times 20- avarage 4229
2539 1121 1388 2363 2120 33803 828 7480 793 2943 736 5101 141 341 1683 1692 335 380 660 31  -max 33803 -times 20- avarage 3323
151 554 413 155 5993 575 885 1076 2401 674 19199 863 1108 1230 509 890 3666 995 4465 36  -max 19199 -times 20- avarage 2291
543 453 696 644 47 80 684 924 3277 2649 3178 1184 189 1072 962 906 32 1505 765 1632  -max 3277 -times 20- avarage 1071
121 1854 417 625 287 52 337 4851 1150 1519 606 652 973 222 60 503 836 1181 975 275  -max 4851 -times 20- avarage 874
637 541 862 1242 321 1510 674 1987 1003 984 1355 1083 572 10 774 118 779 11 354 2087  -max 2087 -times 20- avarage 845
958 1416 944 1246 1669 1143 1505 618 196 1185 3173 9676 431 849 8105 753 5232 155 143 6182  -max 9676 -times 20- avarage 2278
482 1419 223 307 893 2074 429 1264 2577 1612 2389 1072 839 2037 2426 300 77 2727 378 805  -max 2727 -times 20- avarage 1216
1079 1856 1213 45 2800 881 14146 614 388 583 1844 651 752 1351 1110 1207 7306 5171 88 3181  -max 14146 -times 20- avarage 2313
882 2133 1251 2397 540 1270 1435 339 869 4473 6844 3007 1173 29378 10397 2925 16 624 597 964  -max 29378 -times 20- avarage 3575
113 1670 756 1960 613 2715 843 145 154 1896 2119 79 255 1434 1168 11742 428 4637 2065 1687  -max 11742 -times 20- avarage 1823
842 371 206 709 146 98 7607 32 1828 49 1106 824 1551 1984 1289 695 23314 829 1123 164  -max 23314 -times 20- avarage 2238
2670 3268 612 3397 664 7819 2141 1979 407 734 775 214 596 1005 632 548 634 622 1756 874  -max 7819 -times 20- avarage 1567
6023 1983 577 5275 85027 472 948 10567 4906 371 355 1605 99 518 1854 314 8266 528 1384 3619  -max 85027 -times 20- avarage 6734

max times  -85027
------------"./proj.h"--------------line 26" ------------- column 2


